1.799441878354835126e+03
2.450922323201910302e+01
1.700161873789721994e+03
1.798907455783793921e+03
1.701871232756254813e+03
1.798800314505168444e+03
1.798930930385917918e+03
1.700085546868522442e+03
1.696482260501789824e+03
2.541212743369348814e+01
1.799716838690932946e+03
1.698390227331766027e+03
1.800263677654388630e+03
1.795987540540945020e+03
1.796453184444530280e+03
1.798756086301063988e+03
1.698063743876684839e+03
1.698611804275735949e+03
1.799257444627751966e+03
1.799068341534388992e+03
1.698403515566482838e+03
1.699479183502786782e+03
1.800049735182865334e+03
1.699526631032500291e+03
1.795835345236410831e+03
1.696032177474378386e+03
1.698303595848333998e+03
1.798780351870201912e+03
1.701176304857919604e+03
2.548161075569443312e+01
1.700589612975852560e+03
1.700162884575553562e+03
1.798951186844949916e+03
1.799295722112240810e+03
1.700264737729560011e+03
1.702088013031192986e+03
1.704750254394070225e+03
1.798782647156350549e+03
1.699045414673202913e+03
1.794648229859246385e+03
1.795268865357689947e+03
1.699362103178872530e+03
1.798907022342101982e+03
1.699989979022306670e+03
1.799916119884466525e+03
1.699968053341374798e+03
1.798801704144090763e+03
1.700530032219639452e+03
2.486746881106058993e+01
1.800214422706523919e+03
1.797813222966187823e+03
1.800883647838501702e+03
1.701301841031864342e+03
1.797960397497814711e+03
1.701927922137427913e+03
1.800447859503284462e+03
1.799025588971695470e+03
1.795405728911138112e+03
1.796982494459173722e+03
1.706623797342097987e+03
1.800210052890201268e+03
1.798697319632953622e+03
1.799276241608572946e+03
1.698644412948603986e+03
1.697348028075270349e+03
1.702045929213343925e+03
1.799029064778680777e+03
1.798055070467659334e+03
1.796933640622249641e+03
1.797997789167185829e+03
1.712164335328142670e+03
1.797847623154484609e+03
1.800953409882193228e+03
1.709927253519522310e+03
1.699606080537558682e+03
1.798667122252886656e+03
2.588655569092905040e+01
1.699417742575012653e+03
1.796392807102558663e+03
1.798361792854935857e+03
2.476819609958904067e+01
1.701787665090052542e+03
1.799009584275012912e+03
1.700000840631373876e+03
1.799046722225696612e+03
1.800113505250007393e+03
1.799942303522774182e+03
1.698497393094482959e+03
1.801049516254470518e+03
1.698998984744254813e+03
1.701024566713214881e+03
1.700608647991352427e+03
1.799861382956313946e+03
1.698833775006962014e+03
1.799239295815330706e+03
1.698711194903844898e+03
2.536655008077749329e+01
1.697901149490076705e+03
1.698166608198034282e+03
1.697637337044136075e+03
1.798517865131764893e+03
1.801527861872500807e+03
1.698483020393247443e+03
1.699043185556804247e+03
1.800013350086744822e+03
1.701167593265255618e+03
1.700012323708809618e+03
1.801050454731211858e+03
1.699832484435637980e+03
1.799675128902346160e+03
1.698026393303610575e+03
1.698287623678334057e+03
1.798554556043938646e+03
1.798791161191489437e+03
1.695803965630566836e+03
1.701948888181361554e+03
1.801731600648846097e+03
1.801351643531238778e+03
1.798561150611067887e+03
2.596663432020078233e+01
1.699057681821509959e+03
1.697989847965853414e+03
1.697600180382528379e+03
1.796349012980418138e+03
2.478257015142446562e+01
1.799276717693725686e+03
1.798832723135131573e+03
1.699576174318485528e+03
1.799559273321418232e+03
1.693836119030282134e+03
1.796548250866481112e+03
1.800465831104255585e+03
1.701446750177341528e+03
1.700046264472592839e+03
1.698960805819911911e+03
1.798767357763017117e+03
2.561118000492686519e+01
1.700343500699977085e+03
1.701606183430247711e+03
1.699779994990902424e+03
1.702459972436369753e+03
1.799078868788624277e+03
1.800626360646820331e+03
1.707606206345126793e+03
1.797743913569471715e+03
1.800436437478242851e+03
1.702043840199900615e+03
1.797840213508930447e+03
2.447166845983919359e+01
1.703469494471156622e+03
1.798967669180661005e+03
1.699121642208229332e+03
1.800921925322990774e+03
1.798815804152547798e+03
1.799853557403497007e+03
1.798731032386551533e+03
1.796159800977491614e+03
1.719788375454946845e+03
1.801156403634694698e+03
1.798764632091178328e+03
1.798844687867854191e+03
1.706310544060233269e+03
1.697189728745286629e+03
1.799473490705285712e+03
1.699912569416559791e+03
1.795305035114992506e+03
1.794914198835337402e+03
1.800984797235227688e+03
1.701579852489815721e+03
1.695338418246909896e+03
1.799148246234027965e+03
1.797355567318070598e+03
1.697968952726165071e+03
1.722476802170440806e+03
1.799170475318465151e+03
1.800921925322990774e+03
1.702544733769166669e+03
1.799197217718056208e+03
1.695848743726688554e+03
1.798742921608519509e+03
1.697064623351072441e+03
1.701363022991816251e+03
1.700011843400703128e+03
1.697784934646211923e+03
1.798807402227600051e+03
1.695502637797612806e+03
1.698511342992176196e+03
1.798858793989453034e+03
1.798782165692747412e+03
1.695227581468596782e+03
1.799093847021759530e+03
1.694234589581370528e+03
1.800847965424511585e+03
1.800305871823436519e+03
1.698921148196536251e+03
1.698087544223400755e+03
1.700358203481832561e+03
1.800339004706264177e+03
1.699903832332517368e+03
1.699943266384944081e+03
1.702301896360110959e+03
1.694300192912919329e+03
1.798860424338678285e+03
1.696347694342565319e+03
1.795815864732742739e+03
1.702067345827535746e+03
1.695828358869354588e+03
1.698152063713072948e+03
1.800865499026080670e+03
1.799646921194918605e+03
1.697659243818675350e+03
1.801233606652002891e+03
1.700268493400540592e+03
1.699131379233185953e+03
2.619856922304028046e+01
1.797797234946815252e+03
1.695981649153528679e+03
1.795804820580721525e+03
1.700208679629663720e+03
1.798957277743758823e+03
1.796927377041806494e+03
1.800364287174591482e+03
1.798484427542929325e+03
1.698683500309288547e+03
1.702380790078418613e+03
1.798356334381050374e+03
1.695868313024800273e+03
1.795821849310964581e+03
1.798853905530780594e+03
1.703048593691527913e+03
1.801769949827543996e+03
1.696445915190862252e+03
1.801176566574649996e+03
1.696800976167153294e+03
1.799241382102962461e+03
2.837768783570703454e+04
1.799176248169590735e+03
1.698496096895488108e+03
1.696983692964393867e+03
1.798741578233054042e+03
1.800812718981886746e+03
2.573833020678177874e+01
1.696754752237714229e+03
2.846581440838369963e+04
1.699719614447543790e+03
1.701417494167143332e+03
1.795329539033668198e+03
1.796641704781062117e+03
1.799467178358554065e+03
1.716474404981672023e+03
1.798759415462117659e+03
1.800902444819322909e+03
1.700647487213946988e+03
1.799267962001392334e+03
1.801474318350025669e+03
2.543910787691459774e+01
1.699908572492327266e+03
1.705983762519497077e+03
1.799689130483275221e+03
1.700640739084043389e+03
1.794875244240172606e+03
2.548354100998536964e+01
1.814229422303679712e+03
1.700239713136625824e+03
1.699490232390847041e+03
1.797919657328310223e+03
1.798741578233054042e+03
1.798943821578407096e+03
1.699050483931272083e+03
2.544139160362593799e+01
1.800953409882193228e+03
1.701003285387795813e+03
1.701034817466737650e+03
1.699766824960371196e+03
1.799536562630425351e+03
1.798066219547104538e+03
1.800921925322990774e+03
1.800826254941852767e+03
1.699463400743926059e+03
1.704562792032583729e+03
1.700934855035351347e+03
1.798819111485989424e+03
1.798963051852289937e+03
1.705162778160958624e+03
1.700323720969835904e+03
1.705978745188133644e+03
1.799925438122006881e+03
1.700289218698261266e+03
1.798856275627804052e+03
1.702596447206084349e+03
2.524917973390980919e+01
1.702957599915823039e+03
1.698152577912688230e+03
1.702590900340846474e+03
1.798864887494016102e+03
1.801500397741708866e+03
1.801109653865015162e+03
1.697895037995014718e+03
1.697334159038582811e+03
1.698660549938598251e+03
1.698376169739031184e+03
2.456685247468631772e+01
1.696212265493833456e+03
1.720128645447598956e+03
1.798044640010671856e+03
1.795748778244304049e+03
2.538462848210346579e+01
1.702212828988239607e+03
1.697901429036463924e+03
1.710436061765816476e+03
1.801054684242391431e+03
1.709198762187293141e+03
1.797872064142164390e+03
1.697365115909973838e+03
1.699780344556022328e+03
1.797509609910529434e+03
1.697196014188831214e+03
1.799916119884466525e+03
1.699101564239288336e+03
1.716692296233073421e+03
1.798892310588215423e+03
2.567860690655193778e+01
1.699244783631193968e+03
1.700765066241504883e+03
1.699741267353042758e+03
1.797865238101864406e+03
1.795818723421750292e+03
1.703943658994466205e+03
1.698878782201443073e+03
2.625997941133919866e+01
1.800902444819322909e+03
2.566850589747223310e+01
1.797868662992043255e+03
1.796510408062262968e+03
1.698241584943980115e+03
1.796323658572075828e+03
1.799358933838521807e+03
1.801152989789839694e+03
1.795538308272802396e+03
1.699222058204996074e+03
1.700476623275229258e+03
1.698660949736397697e+03
1.701495936588715267e+03
1.797794440674734460e+03
1.795256441668735306e+03
1.699830452730690922e+03
1.800877410498895870e+03
1.798862194514071462e+03
1.698131358744406270e+03
1.801722605150103846e+03
1.798219725215602466e+03
1.800098979662138845e+03
1.799763420442384131e+03
1.694080177675533378e+03
1.798384977405489963e+03
1.798764632091178328e+03
1.797038051743819324e+03
1.800912097321614738e+03
1.795510142955800802e+03
1.795754051023333432e+03
1.799311035645457423e+03
1.799313824381144741e+03
1.701398861363242759e+03
1.698921148196536251e+03
1.798008992022375196e+03
1.799093847021759530e+03
1.698794065519277410e+03
1.800818930450775952e+03
1.699510175918826008e+03
1.701930739368940522e+03
1.696254074079636212e+03
1.696733568811273244e+03
1.701032064620700567e+03
2.668222121433712957e+01
1.701586731722204604e+03
1.798852724528825092e+03
1.799085005291437938e+03
1.797985807308500625e+03
1.698657127412956925e+03
1.795940872395168981e+03
1.698586597848785232e+03
1.797903516770596525e+03
1.800219282751087349e+03
1.699739440382649036e+03
1.694888173952533180e+03
1.701636989515043297e+03
1.799435213220796641e+03
1.701007826923995026e+03
1.700743507852443827e+03
1.700087913891242806e+03
1.799157481072155633e+03
1.799463324215967987e+03
1.701556699642774447e+03
1.799239295815330706e+03
1.795423877723559372e+03
1.695372787327911965e+03
1.699560723716764187e+03
1.798891934876609412e+03
1.720469819294266017e+03
1.798261661217523624e+03
1.699107279850920804e+03
1.696670878396721719e+03
1.798713134614241881e+03
1.699749794160932197e+03
1.800443855398152664e+03
1.795349164434666363e+03
1.801619761024534228e+03
1.795501991413758333e+03
1.699232358997193842e+03
1.798986055031894466e+03
1.795903775588855297e+03
1.799305730442924869e+03
1.712153234375326747e+03
1.798905577624968828e+03
1.697721435909452339e+03
1.703424922443300829e+03
1.798780351870201912e+03
1.698758347464151029e+03
1.800883647838501702e+03
1.701155095099570872e+03
1.800696431961134749e+03
1.700386898662640533e+03
1.801769949827543996e+03
1.801988387150900053e+03
1.700309681218565629e+03
1.698567223142530565e+03
1.698439292122544884e+03
1.699865704119925567e+03
1.797129610599094804e+03
1.701332555593354755e+03
1.801296543637917921e+03
1.797847954092283089e+03
1.801783705467538766e+03
2.836341266933083170e+04
1.697720130817354857e+03
1.698133670641286926e+03
1.799397844785169809e+03
1.798186323578294150e+03
1.800429872158965736e+03
1.722441350992213756e+03
1.800971558694614259e+03
1.703742764210515816e+03
1.699094803405214179e+03
1.798938624233726387e+03
1.801195329167513819e+03
1.698187631206800233e+03
1.795301627459590236e+03
1.700320991726373450e+03
1.798742921608519509e+03
1.699799944151577165e+03
1.801244324874250651e+03
1.800022885466844173e+03
1.721032598877972305e+03
1.699994741340773544e+03
1.799600466820677866e+03
1.699362269033002804e+03
1.801009586097948159e+03
1.695455004891932049e+03
1.700193358348924448e+03
1.799085879183774750e+03
1.701215206549616823e+03
1.694886891860481001e+03
1.798029338835446879e+03
1.018011381124326435e+05
1.798963796751449308e+03
1.797027458412543865e+03
1.801198103854082774e+03
1.697994040482724813e+03
2.016995219962731062e+05
1.695698904505935616e+03
1.798866521626453505e+03
1.799082180980616840e+03
2.580668972043799769e+01
1.798936662779442486e+03
2.950344564097443363e+05
2.846636667744741862e+04
2.836562172036795891e+04
1.801740753962525105e+03
1.798569761347409440e+03
1.703832103122913168e+03
1.701586318912419983e+03
1.798897540679651684e+03
1.701078259271690285e+03
1.797105136819172458e+03
1.798332863667485299e+03
1.699065352028006146e+03
1.798936158746957972e+03
1.699898822236845717e+03
1.799038297382193832e+03
1.696196067679862153e+03
1.798956018888228300e+03
1.799923546842263704e+03
1.700320028720429036e+03
1.699019213986466639e+03
1.700365934327545119e+03
1.699125582916013855e+03
1.796143511443392981e+03
1.698880971475108481e+03
1.697287626955651604e+03
